tensor([[[-0.1497, -0.4225,  0.1674,  ...,  0.4530,  0.5881, -0.1573],
         [ 0.1341,  0.6893,  0.4509,  ...,  0.2970, -0.0061,  0.9490],
         [-0.0918,  0.0458, -0.0146,  ..., -0.0337, -0.3964, -0.0192],
         ...,
         [ 0.8794, -0.1118,  0.4338,  ...,  0.3718, -0.7137,  0.3018],
         [ 0.6805, -0.0393,  0.3019,  ..., -0.0733, -0.0647, -0.2604],
         [ 0.5267,  0.1144,  0.1409,  ...,  0.0529, -0.2983,  0.0205]],

        [[ 1.0246, -0.8435,  0.3086,  ..., -0.4002, -0.1477, -0.0214],
         [ 1.5812, -0.3118,  0.4763,  ..., -0.4079,  0.0774, -0.9728],
         [ 0.2677, -1.2072,  0.2338,  ..., -0.0169, -0.1086, -1.1005],
         ...,
         [ 0.6185,  0.6425, -0.4655,  ..., -0.2756,  0.3090,  0.4850],
         [ 0.4332, -0.1844, -0.4548,  ...,  0.0809,  0.0526,  0.2106],
         [ 0.0000,  0.0000,  0.0000,  ...,  0.0000,  0.0000,  0.0000]],

        [[ 0.4769, -0.0764,  0.3677,  ..., -0.1011, -0.3891, -0.3715],
         [ 0.7895,  0.1095,  0.4980,  ..., -0.2875, -0.0644, -0.0920],
         [ 0.1527,  0.3618, -0.2217,  ...,  0.4338, -0.0846,  0.1214],
         ...,
         [ 0.1249,  0.5263, -0.0339,  ..., -0.5452,  0.3299,  0.4364],
         [-0.2728,  0.7752, -0.1018,  ..., -0.7337,  0.0404,  0.2666],
         [ 0.0000,  0.0000,  0.0000,  ...,  0.0000,  0.0000,  0.0000]],

        ...,

        [[-0.8485, -0.7037, -0.1976,  ..., -0.1211, -0.1579, -0.0671],
         [ 0.4104,  0.1134,  0.0515,  ..., -0.3606, -0.1962, -0.8107],
         [ 0.5475, -0.2924, -0.3804,  ...,  0.3536,  0.5491,  1.0764],
         ...,
         [ 0.0921,  0.2571, -0.5869,  ..., -0.3944,  0.1051,  0.8729],
         [ 0.2562,  0.4369, -0.1189,  ..., -0.0757, -0.2587, -0.3934],
         [ 0.0000,  0.0000,  0.0000,  ...,  0.0000,  0.0000,  0.0000]],

        [[-0.4504,  0.5803,  0.1187,  ..., -0.1617, -0.8164,  1.8036],
         [-0.2364,  0.4435,  0.2663,  ..., -0.2036, -0.1691,  0.4108],
         [ 0.5482,  0.0388,  0.1013,  ...,  0.2659, -0.4027, -0.1711],
         ...,
         [ 0.5274, -0.6148, -0.4252,  ...,  1.1663, -0.1052,  1.2007],
         [ 0.6464, -0.5560,  0.4704,  ..., -0.3583, -0.1099, -0.4470],
         [ 0.0000,  0.0000,  0.0000,  ...,  0.0000,  0.0000,  0.0000]],

        [[ 0.5739, -0.3273,  0.0705,  ...,  0.4876, -0.1844,  0.6994],
         [ 0.4231, -0.0857,  0.3926,  ..., -0.0586, -0.2998,  0.3418],
         [ 0.6805, -0.0393,  0.3019,  ..., -0.0733, -0.0647, -0.2604],
         ...,
         [ 0.7619, -0.2977,  0.5140,  ...,  0.4309, -0.2277,  0.4026],
         [ 0.5274, -0.6148, -0.4252,  ...,  1.1663, -0.1052,  1.2007],
         [ 0.0000,  0.0000,  0.0000,  ...,  0.0000,  0.0000,  0.0000]]],
       device='cuda:0')